[6715131, 6724659, 6769405] #IMC: [0.4839423483077073, 0.47498131568354474, 0.958923663991252]
[5805376, 6840624, 6942415] #IMC: [0.5804050147053067, 0.4705497238424146, 0.7715754379695905]
[6705653, 6864027, 6920834] #IMC: [0.496310886234596, 0.3763829735709633, 0.8256350362761473]
[6243535, 6705653, 6846862] #IMC: [0.8237324232507135, 0.4704608016070688, 0.5844246149917601]
[6689426, 6705653, 6917899] #IMC: [0.6960425734045828, 0.14597469260854076, 0.8039574265954172]
[6840624, 6892849, 6896201] #IMC: [0.7190550993532354, 0.4190658490985648, 0.5818053010580632]
[5078958, 5318403, 6872438] #IMC: [0.7245600612211736, 0.6554123513444579, 0.43488038721391364]
[5776457, 6757552, 6866291] #IMC: [0.8706761668441614, 0.3909707340285171, 0.47970543281564426]
[6391230, 6571275, 6652176] #IMC: [0.8036312795064561, 0.4724402952149703, 0.5680946325608965]
[6243535, 6840624, 6938973] #IMC: [0.28376246329488675, 0.5935354350192232, 0.8772978983141101]
[5318403, 6872438, 6938903] #IMC: [0.6624650794611358, 0.6048076303652581, 0.5229477142786829]
[6780393, 6866291, 6927563] #IMC: [0.5260695360640907, 0.7160026670684927, 0.6304835080467146]
[6697415, 6769405, 6907408] #IMC: [0.5456572375610275, 0.5330056567813926, 0.6542860148172912]
[6023030, 6161720, 6817953] #IMC: [0.5159792776518758, 0.6779080369099595, 0.48334092917771626]
[6780393, 6891392, 6917899] #IMC: [0.4818362959240942, 0.8717146181938302, 0.4186239668690391]
[6243535, 6914490, 6924047] #IMC: [0.6283957134889562, 0.5079172789740175, 0.6372749291595345]
[6403007, 6800944, 6914490] #IMC: [0.8438830097686643, 0.29461698398820324, 0.6553493341412642]
[6840624, 6866291, 6914490] #IMC: [0.6268001523514359, 0.40599123146444305, 0.7260383593478352]
[6243535, 6866291, 6914490] #IMC: [0.7117794802921462, 0.5586287005995295, 0.4305557037421197]
[6220775, 6924047, 6940403] #IMC: [0.937988556561065, 0.5449659888934805, 0.3930225676675845]
[5318403, 5347743, 6920051] #IMC: [0.28966080451860376, 0.7346700447409003, 0.7231375262370178]
[5318403, 6872438, 6920051] #IMC: [0.5263205900012968, 0.6572295536540258, 0.4833580290424865]
[6391230, 6451936, 6652176] #IMC: [0.7621843129878056, 0.66257675550709, 0.513139345327572]
[5347743, 6872438, 6899857] #IMC: [0.790547153780196, 0.6525200731105603, 0.30086429258328706]
[6243535, 6845153, 6866291] #IMC: [0.5667513206447669, 0.4400348692129765, 0.7505612902593499]
[5349776, 6451936, 6652176] #IMC: [0.8807821530105462, 0.39066694802481977, 0.518537630018321]
[6722234, 6757552, 6780393] #IMC: [0.5758588946088945, 0.4132753289003289, 0.7409235127985129]
[5203100, 6722234, 6924047] #IMC: [0.570610263757184, 0.7492594335666444, 0.4561698292396676]
[6722234, 6864027, 6866291] #IMC: [0.5467409459581013, 0.6832595320300253, 0.4909542415189807]
[6689426, 6722234, 6769405] #IMC: [0.8520998920372255, 0.6479001079627745, 0.3744018042764712]
[5592334, 6722234, 6780393] #IMC: [0.5858893001386781, 0.8044953152459373, 0.33505900656025056]
[6722234, 6769405, 6780393] #IMC: [0.6899891360645857, 0.5980506122911478, 0.6409376658952566]
[5805376, 6403007, 6722234] #IMC: [0.5472254321383205, 0.5990666019419204, 0.7416154283127138]
[6243535, 6722234, 6866291] #IMC: [0.7960687766279313, 0.6584192132582887, 0.22916437944593682]
[6722234, 6780393, 6866291] #IMC: [0.5963537566196593, 0.6132435081879555, 0.5437908294830005]
[5368234, 6496624, 6697415] #IMC: [0.8471317698584453, 0.1942635397168906, 0.6528682301415547]
[5347743, 5368234, 6697415] #IMC: [0.4169376729899922, 0.7762942845998276, 0.6246872729324806]
[6189264, 6697415, 6866291] #IMC: [0.7987630477556702, 0.14038323836848315, 0.7012369522443298]
[6840624, 6918901, 6938751] #IMC: [0.8404221447728802, 0.1808442895457604, 0.6595778552271198]
[5318403, 6759956, 6872438] #IMC: [0.4936954450810304, 0.7213883220253096, 0.5700486874125668]
[5817960, 6161720, 6436251] #IMC: [0.6665478507155879, 0.4794390249422568, 0.692071823700781]
[5802710, 6769405, 6904454] #IMC: [0.7292487684729063, 0.567179802955665, 0.5370689655172414]
[5805376, 6866291, 6874193] #IMC: [0.3271693928006027, 0.5287728165530665, 0.8559422093536692]
[5347743, 6866291, 6874193] #IMC: [0.7346044846678315, 0.4767758932546624, 0.6969099408313393]
[6243535, 6866291, 6874193] #IMC: [0.8152230532433603, 0.33339000906226324, 0.6417059879972177]
[6161720, 6436251, 6737129] #IMC: [0.4160454415629312, 0.6394988309426722, 0.6956304794021553]
[5318403, 6292077, 6657747] #IMC: [0.5632983323654825, 0.5889884872722629, 0.6046473466160446]
[5318403, 6657747, 6872438] #IMC: [0.4590579992592212, 0.6235882933204444, 0.6391179024734448]
[5318403, 5347743, 6657747] #IMC: [0.6473771404249458, 0.4494271955114346, 0.5835459475215091]
[5318403, 5347743, 6657747, 6872438] #IMC: [0.4730092937414537, 0.4063916116286747, 0.4254344579524544, 0.39932497337083]
[5347743, 6657747, 6872438] #IMC: [0.6831168686991481, 0.5973651427533267, 0.40219459800224616]
[5217258, 5318403, 6872438] #IMC: [0.7343886877090867, 0.6643716428694256, 0.36285572431132596]
[5217258, 5347743, 6872438] #IMC: [0.6853798141280464, 0.3550773367282707, 0.7945636320455458]
[6243535, 6866291, 6954690] #IMC: [0.5072914633837124, 0.6835974275814151, 0.6327838399289705]
[5805376, 6403007, 6922316] #IMC: [0.376011242786932, 0.6461906836424018, 0.7041277876951777]
[5347743, 6161720, 6778369] #IMC: [0.8130775299479049, 0.6869224700520951, 0.1547868815714439]
[6697415, 6866291, 6958628] #IMC: [0.44079174067632837, 0.4121311035540051, 0.8470971096811946]
[6772013, 6872438, 6920834] #IMC: [0.618795366783937, 0.35867856317312097, 0.7165819917066291]
[5592334, 5750745, 6710771] #IMC: [0.46730319001682336, 0.848376422295399, 0.4897989940514288]
[5750745, 6710771, 6904454] #IMC: [0.7437030915809993, 0.6011045132066947, 0.43158153840002533]
[5335750, 5805376, 6198375] #IMC: [0.6839515293026664, 0.3813680357623131, 0.6909182623640002]
[6198375, 6243535, 6913107] #IMC: [0.8736352504505949, 0.24829369326135348, 0.6253415571892414]
[5805376, 6198375, 6872438] #IMC: [0.47116215153962815, 0.7087228354096654, 0.6275587265398356]
[6198375, 6840624, 6872438] #IMC: [0.6397584408539858, 0.27416057899995167, 0.7657037440199638]
[6218348, 6866291, 6915856] #IMC: [0.6846248975336275, 0.6403904547724998, 0.44732113642134175]
[6218348, 6689426, 6872438] #IMC: [0.4839830383203241, 0.8399188946005025, 0.6105959439994766]
[6218348, 6866052, 6915856] #IMC: [0.4997921071588489, 0.37430002435971255, 0.8740921315185615]
[6218348, 6866052, 6866291, 6915856] #IMC: [0.4635670205065565, 0.3740580846432438, 0.5783243998297081, 0.4037814929766158]
[6218348, 6866052, 6866291] #IMC: [0.6142928948900468, 0.4537388131178798, 0.7243724771493231]
[6218348, 6403007, 6866291] #IMC: [0.4059798700494879, 0.6278916426277564, 0.6791597836139667]
[6218348, 6866291, 6872438] #IMC: [0.7625717811791551, 0.48439571959704464, 0.49051227123375635]
[5347743, 6218348, 6872438] #IMC: [0.5332879176819803, 0.6177522543095733, 0.6050971400415612]
[6403007, 6831875, 6896441] #IMC: [0.9101662325133268, 0.5622728422491678, 0.3692073320896354]
[5690889, 6866052, 6866291] #IMC: [0.5951762358132154, 0.449751447060302, 0.6552326076256237]
[5690889, 5805376, 6689426] #IMC: [0.6547930982713571, 0.4248155659237147, 0.7070808920355895]
[5690889, 5805376, 6866291] #IMC: [0.5294819782620078, 0.6597734506921317, 0.4750932574181282]
[5805376, 6697415, 6830048] #IMC: [0.8047552721125977, 0.5739110068906625, 0.3500448821092247]
[6161720, 6496624, 6697415] #IMC: [0.7042871692252488, 0.6280675897364323, 0.25907090258782134]
[5207685, 6023030, 6436251] #IMC: [0.5834383028096409, 0.8266738455905743, 0.41668969161892316]
[5735532, 5805376, 6937196] #IMC: [0.3607905191303359, 0.5376322575088802, 0.8246417672294641]
[5735532, 6403007, 6896441] #IMC: [0.30388546746752626, 0.800877832866353, 0.5845388338003137]
[5735532, 5805376, 6780393] #IMC: [0.2308239652078996, 0.6544049261997106, 0.8282540333378617]
[5735532, 6403007, 6780393] #IMC: [0.260173163845071, 0.8091232244747709, 0.5988628866363402]
[6403007, 6880105, 6920796] #IMC: [0.8768216431372126, 0.3603686721781028, 0.6206196376257763]
[6689426, 6855394, 6866052] #IMC: [0.3855460948685649, 0.39349536678867725, 0.772843114549804]
[6866052, 6866291, 6915856] #IMC: [0.7251653064024465, 0.5504445195251761, 0.43185284725420126]
[6866052, 6872438, 6920834] #IMC: [0.7552321134542483, 0.29739586838389626, 0.7447678865457517]
[6866052, 6866291, 6920834] #IMC: [0.7632437555010305, 0.7367562444989695, 0.3229321921018526]
[5805376, 6866052, 6920834] #IMC: [0.46025619240553817, 0.6159933057162075, 0.6897316409788885]
[5805376, 6866052, 6872438] #IMC: [0.5064891041162227, 0.7418159806295399, 0.4324697336561743]
[5805376, 6866052, 6866291] #IMC: [0.6850531948558264, 0.5571303891040733, 0.6060556378319536]
[6866052, 6866291, 6913107] #IMC: [0.5289730320422488, 0.4522978408962496, 0.6197420508833604]
[5805376, 6866052, 6913107] #IMC: [0.4287331796127578, 0.5972603943206052, 0.7752792882190774]
[6689426, 6866052, 6913107] #IMC: [0.5888727169419222, 0.5226474826634929, 0.5794494503096229]
[5805376, 6689426, 6866052, 6913107] #IMC: [0.42742174351636375, 0.5863321973191198, 0.34559562270415556, 0.5548676970974469]
[5750745, 6689426, 6866052] #IMC: [0.5725356482272077, 0.7736181979266384, 0.3584252070420882]
[5750745, 5805376, 6689426, 6866052] #IMC: [0.28078002577858613, 0.4150569020697074, 0.6211985091857039, 0.2930058291544397]
[5805376, 6689426, 6866052] #IMC: [0.5572691549995866, 0.7567917048152812, 0.44497801869266523]
[5750745, 5805376, 6866052] #IMC: [0.5241371080243743, 0.6580389450891788, 0.6241018259388585]
[6243535, 6866052, 6866291] #IMC: [0.48619838839069324, 0.5502069419109028, 0.7405389656356842]
[5258003, 5805376, 6872438] #IMC: [0.6728271019696711, 0.38520411481278244, 0.5988974969608102]
[5258003, 5347743, 6872438] #IMC: [0.6321977268465128, 0.4908402196293844, 0.5634023038367092]
[5258003, 5318403, 6872438] #IMC: [0.7110923176001367, 0.3480305049320704, 0.6240154875164904]
[6495932, 6618026, 6689426] #IMC: [0.40562447695310255, 0.6614826460831291, 0.6259822826052037]
[6495932, 6846862, 6917899] #IMC: [0.7613446348179476, 0.10657307412124256, 0.7386553651820524]
[6495932, 6689426, 6917899] #IMC: [0.65115785184463, 0.3758648708661433, 0.84884214815537]
[6495932, 6689426, 6840624, 6917899] #IMC: [0.6040509590694133, 0.3414624197137241, 0.2875025409428154, 0.7281076312389567]
[6495932, 6689426, 6840624] #IMC: [0.7811310106888928, 0.3178043405282712, 0.6622595643909794]
[6495932, 6840624, 6917899] #IMC: [0.7549809073443685, 0.3531407483321685, 0.7436975067525478]
[6495932, 6689426, 6864027] #IMC: [0.7254147737909408, 0.4568293828615339, 0.6145415580867885]
[6243535, 6525735, 6916394] #IMC: [0.5149914301119249, 0.7890850550809689, 0.4714979965537433]
[6525735, 6769405, 6924047] #IMC: [0.7324242424242424, 0.5065151515151515, 0.7425757575757577]
[6525735, 6769405, 6780393] #IMC: [0.5598958333333333, 0.5572916666666666, 0.7942708333333334]
[6243535, 6525735, 6800944] #IMC: [0.7419297573787268, 0.5545253980829999, 0.5315164384290662]
[6525735, 6780393, 6800944] #IMC: [0.49628049662705936, 0.38348907962728457, 0.8747444506262033]
[6525735, 6769405, 6800944] #IMC: [0.5857735178380198, 0.45403435967279754, 0.9142264821619802]
[6525735, 6769405, 6780393, 6800944] #IMC: [0.4052428903841609, 0.39065407879841163, 0.2212264805690824, 0.9275087093831457]
[6758896, 6872438, 6904454] #IMC: [0.7875057454131913, 0.19721235417455468, 0.6498172007624461]
[6403007, 6758896, 6904454] #IMC: [0.5219557049775152, 0.3889299880059308, 0.8782806509666393]
[6403007, 6758896, 6872438, 6904454] #IMC: [0.5838658389731612, 0.35408603453778487, 0.28983121141658985, 0.6481206620943563]
[5347743, 6403007, 6758896, 6904454] #IMC: [0.24432447821996436, 0.34815948179704637, 0.4043618406443349, 0.8081076252565035]
[5347743, 6758896, 6904454] #IMC: [0.43933574814565235, 0.4401938336638816, 0.783674658954611]
[5335750, 5750745, 6758896] #IMC: [0.4347398399693976, 0.568699196698356, 0.7140871848159016]
[5750745, 6758896, 6872438] #IMC: [0.7270098028997303, 0.6223708277309004, 0.3128190940632345]
[5347743, 6403007, 6758896] #IMC: [0.7620505178893352, 0.26598699870121983, 0.5911658563796707]
[5347743, 6403007, 6758896, 6872438] #IMC: [0.2803482838221846, 0.36953457601401374, 0.47306892962658975, 0.7126649495477343]
[6403007, 6758896, 6872438] #IMC: [0.4534163209813851, 0.4563343363146212, 0.8376319547425211]
[5347743, 6758896, 6872438] #IMC: [0.35860562565788495, 0.614863668181678, 0.783695676253955]
[5253811, 6769405, 6780393] #IMC: [0.6983687351006708, 0.4348239915926785, 0.6644884077564721]
[5253811, 6403007, 6780393] #IMC: [0.35304325907953515, 0.5525773964342584, 0.9056206555137936]
[5347743, 6319099, 6769405] #IMC: [0.5668776197257916, 0.4466855529567269, 0.6711432394335611]
[6757552, 6915856, 6925468] #IMC: [0.5946865612471715, 0.6682656241343419, 0.5593454591363506]
[6780393, 6915856, 6925468] #IMC: [0.5513405506334532, 0.7516281993665468, 0.5149751487330936]
[5750745, 6403007, 6915856] #IMC: [0.5207397214823277, 0.6879290373614595, 0.5763854686722895]
[5750745, 6866291, 6915856] #IMC: [0.6662775444139258, 0.5089686730805015, 0.5963917179698076]
[6403007, 6866291, 6915856] #IMC: [0.7586088546720141, 0.43984701477876664, 0.46624385428173665]
[5347743, 6866291, 6915856] #IMC: [0.6401557365799573, 0.6812728348486142, 0.31602575887420015]
[6292077, 6872438, 6920834] #IMC: [0.7431221342402545, 0.5754118347704725, 0.22915097743588378]
[5347743, 6292077, 6872438] #IMC: [0.4753773678544215, 0.5171738744913822, 0.6656834262538496]
[5318403, 6292077, 6872438] #IMC: [0.6218940801027614, 0.48183491518000016, 0.625966735977871]
[5806017, 5953084, 6161720] #IMC: [0.7558319768781966, 0.3917936377608675, 0.6074230566788503]
[5750745, 6864027, 6896441] #IMC: [0.7317400518203292, 0.2083128158050533, 0.7682599481796708]
[6243535, 6864027, 6890814] #IMC: [0.7285953842742169, 0.7714046157257831, 0.19056241605801227]
[6864027, 6872438, 6920834] #IMC: [0.5844799282686886, 0.5223838515024903, 0.6975543447029824]
[6689426, 6864027, 6920834] #IMC: [0.6564988189022193, 0.38579656986468014, 0.7258406306390651]
[6689426, 6864027, 6872438] #IMC: [0.62996044635439, 0.6976448751533705, 0.3271049281854985]
[6689426, 6864027, 6917899] #IMC: [0.6918500148947081, 0.21005616446231815, 0.8081499851052918]
[6689426, 6840624, 6864027] #IMC: [0.5519475120836976, 0.710411306718392, 0.5437820278954018]
[5750745, 6846862, 6864027] #IMC: [0.7584294782668648, 0.5461285764905495, 0.4859507096665859]
[5750745, 6243535, 6864027] #IMC: [0.5884088893665842, 0.5664918738955704, 0.5643805832143176]
[5750745, 6403007, 6864027] #IMC: [0.8346704784343085, 0.3606840486099944, 0.6595237509815958]
[6840624, 6855394, 6890814] #IMC: [0.4569820340641077, 0.5472550977085201, 0.6911142081845879]
[5592334, 5805376, 6855394] #IMC: [0.6389178432602467, 0.5921209168104941, 0.7317718119121671]
[5318403, 6855394, 6872438] #IMC: [0.6018093831767352, 0.7731906168232648, 0.4213812336465297]
[6840624, 6855394, 6917899] #IMC: [0.47147765801916397, 0.5244746585726047, 0.7193850679316073]
[6855394, 6872438, 6904454] #IMC: [0.5357123989382482, 0.5642586208174856, 0.6581496369132243]
[5335750, 6840624, 6855394] #IMC: [0.8120700674132371, 0.3799571218154446, 0.4321129455977925]
[5335750, 5805376, 6855394] #IMC: [0.8306899901984098, 0.23898221088009108, 0.6693100098015902]
[6220775, 6840624, 6855394] #IMC: [0.7726961715818498, 0.305137552222933, 0.7273038284181502]
[5805376, 6840624, 6855394] #IMC: [0.635538346111801, 0.5186131801385484, 0.5414667070437911]
[6757552, 6840624, 6855394] #IMC: [0.5877352143750265, 0.5169287464884066, 0.7698327173563906]
[5805376, 6757552, 6855394] #IMC: [0.5122861558998576, 0.5338808281083428, 0.780798131549184]
[6689426, 6840624, 6855394] #IMC: [0.6948510925849176, 0.495789095620281, 0.5846878886474274]
[5997493, 6840624, 6855394] #IMC: [0.6810012999215178, 0.3497214629191485, 0.7240125935077074]
[5347743, 6840624, 6855394] #IMC: [0.3536265733965249, 0.48327857060073365, 0.7741185342672754]
[6780393, 6925468, 6937196] #IMC: [0.6673082769427499, 0.4919588443240108, 0.6865313928630866]
[5335750, 6780393, 6937196] #IMC: [0.5906104304779423, 0.5628126884287822, 0.5992400877770082]
[5335750, 5805376, 6937196] #IMC: [0.648568566697274, 0.6285580607716679, 0.5532105067532955]
[5805376, 6780393, 6937196] #IMC: [0.7083168744898725, 0.3561919902665615, 0.6801938214244072]
[6023030, 6161720, 6826738] #IMC: [0.40309966115401763, 0.6932808361760249, 0.6254915652576669]
[5318403, 6824315, 6872438] #IMC: [0.6607370101038412, 0.8316616385448073, 0.2796575051532949]
[6780393, 6824315, 6866291] #IMC: [0.5521752997180406, 0.47840842476571427, 0.6606369686469326]
[5347743, 6824315, 6872438] #IMC: [0.6981373163517274, 0.2938540870135147, 0.6863112586172937]
[5450992, 6243535, 6800944] #IMC: [0.4322485047170703, 0.5979961968035784, 0.7493759361040343]
[5347743, 6496990, 6697415] #IMC: [0.28679387026909414, 0.7530233131467696, 0.6983892906417097]
[5347743, 6496990, 6866291] #IMC: [0.48771882686743684, 0.6837688561839877, 0.6038317474377426]
[5347743, 5805376, 6496990] #IMC: [0.39592367673748985, 0.7806462925850154, 0.4823068409636336]
[5347743, 6451936, 6496990] #IMC: [0.570712899484143, 0.7648639247467269, 0.49455101030987186]
[6807916, 6866291, 6896441] #IMC: [0.4416912243370933, 0.5347734977733851, 0.6272797446731883]
[6403007, 6896441, 6915778] #IMC: [0.7097544481584631, 0.6243066872127159, 0.41732549020338905]
[6866291, 6896441, 6917899] #IMC: [0.8387109167395389, 0.4322474971541554, 0.5005494410907599]
[6757552, 6866291, 6896441] #IMC: [0.8287937339656273, 0.3450394525663378, 0.5893880842161908]
[6689426, 6780393, 6896441] #IMC: [0.5015535411765766, 0.4534338405648288, 0.8137660076956038]
[5592334, 6780393, 6896441] #IMC: [0.6660401824865506, 0.29205756606138167, 0.8339598175134494]
[6769405, 6866291, 6896441] #IMC: [0.5389618523669545, 0.5922216650032824, 0.6638477093853619]
[6243535, 6769405, 6896441] #IMC: [0.5509320095415421, 0.6573769567992096, 0.5729209522878895]
[6800944, 6866291, 6896441] #IMC: [0.474170827311131, 0.6938238497419975, 0.5862495153547687]
[6780393, 6800944, 6896441] #IMC: [0.4097464540667667, 0.7331248739549373, 0.4147223910089033]
[6243535, 6800944, 6896441] #IMC: [0.541502738453958, 0.6134815557071654, 0.6130821583565486]
[6403007, 6846862, 6896441] #IMC: [0.921560188747076, 0.5333900846744907, 0.40323601744358334]
[6403007, 6780393, 6896441] #IMC: [0.8266817814945859, 0.3152953811709901, 0.5113864003235958]
[6866291, 6896441, 6925468] #IMC: [0.7074604104743144, 0.7034770895256856, 0.31335832094862887]
[6780393, 6866291, 6896441] #IMC: [0.4923322717806987, 0.6212952845878225, 0.6099808864979049]
[6243535, 6866291, 6896441] #IMC: [0.5575664126366376, 0.5023969370260086, 0.6138017862122517]
[5624348, 6757552, 6915778] #IMC: [0.7438689272978214, 0.7379181212700491, 0.28978047081007524]
[6807916, 6915778, 6917899] #IMC: [0.5403770010170055, 0.5767743270149702, 0.7763008125680582]
[6780393, 6800944, 6807916] #IMC: [0.41528570370023915, 0.825031548700747, 0.48950330768707506]
[5805376, 6807916, 6872438] #IMC: [0.5840685777686995, 0.5584510312179023, 0.5962987167835667]
[6780393, 6807916, 6840624] #IMC: [0.5438999970515063, 0.5954598557434488, 0.604474382993935]
[6243535, 6807916, 6866291] #IMC: [0.6399903907725536, 0.30318977009411674, 0.8369720665653304]
[5347743, 6807916, 6866291] #IMC: [0.6477129334837639, 0.8522870665162361, 0.2581002348838311]
[6807916, 6840624, 6866291] #IMC: [0.5692089655784971, 0.592558634839897, 0.6159963413544521]
[6780393, 6807916, 6866291] #IMC: [0.5638145849670975, 0.6029252822151834, 0.5105692696288384]
[6872438, 6904454, 6913107] #IMC: [0.6096412929023323, 0.41075096541477985, 0.7397515897934352]
[6689426, 6913107, 6920834] #IMC: [0.8109486910839432, 0.45308331854823347, 0.3691047407009588]
[6243535, 6697415, 6913107] #IMC: [0.3608429270345861, 0.7912273434172097, 0.5413414639222399]
[5592334, 6403007, 6913107] #IMC: [0.36339792557205564, 0.8241378782395645, 0.6415851776949512]
[6872438, 6913107, 6924047] #IMC: [0.6460980959744729, 0.2874913080510541, 0.8539019040255271]
[6866291, 6913107, 6916394] #IMC: [0.6289305739816949, 0.3667493500023711, 0.81948449778864]
[5805376, 6872438, 6913107] #IMC: [0.5414795962608372, 0.626349002149229, 0.7267130974833271]
[5750745, 6866291, 6913107] #IMC: [0.6198384707021265, 0.5169783020237705, 0.5808879503839326]
[5750745, 6846862, 6913107] #IMC: [0.7401957736547602, 0.6747471650042983, 0.37215331621108966]
[5750745, 6403007, 6913107] #IMC: [0.5124473033727854, 0.5845692501465904, 0.6578581664183453]
[5750745, 5805376, 6913107] #IMC: [0.482729098583878, 0.6942384940087145, 0.6662547657952069]
[5750745, 6872438, 6913107] #IMC: [0.6048052286845149, 0.6031197654325972, 0.5446330282175721]
[6243535, 6403007, 6913107] #IMC: [0.2931040056241304, 0.7018976564758668, 0.6504832959050857]
[6243535, 6866291, 6913107] #IMC: [0.5824362614547434, 0.5553116228009363, 0.6518024812535587]
[6403007, 6866291, 6913107] #IMC: [0.7479951499315594, 0.36187394897619063, 0.5477172109304311]
[6689426, 6872438, 6913107] #IMC: [0.7380565708343652, 0.3426480243951503, 0.5846916970640181]
[5805376, 6689426, 6913107] #IMC: [0.6127084321998607, 0.6704342031450833, 0.49492594195462813]
[6689426, 6866291, 6913107] #IMC: [0.5438681035329346, 0.698457336353481, 0.42714854004455505]
[6243535, 6689426, 6913107] #IMC: [0.5139133694710176, 0.5641706103787814, 0.6279052067510819]
[6023030, 6220775, 6872438] #IMC: [0.43318420833193594, 0.6516229439010381, 0.5256156945727348]
[5335750, 6023030, 6872438] #IMC: [0.6883423336235514, 0.43411001049330367, 0.6045972866338973]
[6023030, 6161720, 6436251] #IMC: [0.521304399034054, 0.4662432080707246, 0.8040894230494824]
[5953084, 6023030, 6436251] #IMC: [0.49518399443638556, 0.7033724713274252, 0.591089099826781]
[5953084, 6161720, 6436251] #IMC: [0.44760670719839857, 0.5618717308052761, 0.7048539811445809]
[6872438, 6904454, 6920834] #IMC: [0.6627501836120935, 0.670641415985492, 0.517782987970271]
[5347743, 6872438, 6920834] #IMC: [0.84778598540287, 0.4169167361487001, 0.4759956030447835]
[5318403, 6872438, 6920834] #IMC: [0.6706653994459277, 0.5852336024906133, 0.5661706618443356]
[6866291, 6920834, 6925468] #IMC: [0.6590058034822255, 0.7866048835406753, 0.2728011002604699]
[5805376, 6840624, 6920834] #IMC: [0.6100509491544271, 0.45208948031478263, 0.6728275345425705]
[5805376, 6403007, 6920834] #IMC: [0.2794233803736505, 0.7961021726274033, 0.7038978273725967]
[5805376, 6872438, 6920834] #IMC: [0.7376964662382314, 0.4795396164318338, 0.4441638653226752]
[6840624, 6872438, 6920834] #IMC: [0.7513729477828147, 0.5123795563873096, 0.4105202338046188]
[6403007, 6846862, 6920834] #IMC: [0.9560057709272807, 0.49198080625392737, 0.46402496467335336]
[6769405, 6872438, 6920834] #IMC: [0.41353195062075865, 0.7633813088714698, 0.557502396219625]
[6769405, 6866291, 6920834] #IMC: [0.5170646806350123, 0.5357202185100335, 0.6706825685623595]
[6689426, 6872438, 6920834] #IMC: [0.7855401752008643, 0.25766906561639785, 0.5425021528414637]
[6689426, 6846862, 6920834] #IMC: [0.6546864521482446, 0.5162180538547836, 0.49963744271373706]
[6243535, 6689426, 6920834] #IMC: [0.4439220048473118, 0.5872890183294691, 0.7504802511217107]
[6689426, 6917899, 6920834] #IMC: [0.9216013454544105, 0.5783986545455895, 0.34320269090882105]
[6780393, 6866291, 6920834] #IMC: [0.6234421571159651, 0.7452696130415882, 0.4547302887005242]
[5997493, 6840624, 6904454] #IMC: [0.5389949388144915, 0.7164643985349062, 0.4967465681541497]
[5750745, 6872438, 6904454] #IMC: [0.6281779844923503, 0.6312029222923692, 0.6009811057733994]
[5318403, 6403007, 6904454] #IMC: [0.5265403549265583, 0.8101372955857014, 0.38976132422078696]
[5347743, 6403007, 6904454] #IMC: [0.26833081345059573, 0.5860366134767224, 0.854367426927318]
[5347743, 6403007, 6872438, 6904454] #IMC: [0.384238382200074, 0.5131675307778337, 0.3314188235590085, 0.5659870894188992]
[6403007, 6872438, 6904454] #IMC: [0.8085523008530241, 0.3312929916414353, 0.5374689519619642]
[5805376, 6840624, 6904454] #IMC: [0.611896505692077, 0.4722422309065948, 0.7262092211801697]
[5805376, 6403007, 6904454] #IMC: [0.40204111497083994, 0.7076549004637875, 0.6119669292463573]
[5805376, 6403007, 6872438, 6904454] #IMC: [0.2822260008266434, 0.8070932105555754, 0.3663954030487566, 0.29254270841703]
[5347743, 5805376, 6904454] #IMC: [0.451459940787327, 0.5201476945756076, 0.8239600739661231]
[5347743, 5805376, 6872438, 6904454] #IMC: [0.5600576401919481, 0.4383739950182168, 0.46208313683788027, 0.44679512265765753]
[5805376, 6872438, 6904454] #IMC: [0.5893535510636134, 0.558393528980733, 0.6089194018705509]
[5318403, 6840624, 6904454] #IMC: [0.779097328895716, 0.5100395758661888, 0.5764982292200034]
[5347743, 6840624, 6904454] #IMC: [0.6288617624384478, 0.4646056649556069, 0.6246815523319366]
[5347743, 6872438, 6904454] #IMC: [0.7368727074517891, 0.35637463093930166, 0.6784030482707915]
[5318403, 5347743, 6904454] #IMC: [0.5104794346350837, 0.6487134877619415, 0.6844881279739209]
[5318403, 6872438, 6904454] #IMC: [0.6082706919332211, 0.5611650342669191, 0.6103641632939244]
[6646674, 6780393, 6866291] #IMC: [0.7740228892380968, 0.31989908268981504, 0.5880898399552934]
[6220775, 6840624, 6890814] #IMC: [0.7432608862767636, 0.5473744485723477, 0.4194033868569582]
[6243535, 6890814, 6916394] #IMC: [0.40817627909051424, 0.7852375219727706, 0.576071897372363]
[6243535, 6890814, 6917899] #IMC: [0.5617354597918195, 0.7561470413533935, 0.38603963236421623]
[6243535, 6769405, 6890814] #IMC: [0.8417151111024352, 0.5600638399338028, 0.35577187418370776]
[5347743, 6243535, 6890814] #IMC: [0.7489949032179971, 0.5066063898623099, 0.4785037108629406]
[5997493, 6840624, 6890814] #IMC: [0.8894100071356267, 0.3240644000044106, 0.6105899928643733]
[5997493, 6243535, 6890814] #IMC: [0.816332476755128, 0.3718654693065163, 0.6723038868812357]
[6243535, 6840624, 6890814] #IMC: [0.6187766555239558, 0.5828720188913458, 0.6447720792884667]
[6243535, 6866291, 6890814] #IMC: [0.5992457606170056, 0.4171779920627863, 0.6075988861821113]
[5592334, 6689426, 6866291] #IMC: [0.45513210764834094, 0.7195394053356429, 0.5173000987452406]
[5335750, 5592334, 6866291] #IMC: [0.645478619050373, 0.5145179134773669, 0.5041438451078899]
[5335750, 5592334, 5805376] #IMC: [0.8702063668956908, 0.4549860027124764, 0.6297936331043092]
[5335750, 5592334, 5805376, 6780393] #IMC: [0.7574258203895917, 0.2186923707925491, 0.4326153216837434, 0.41664171526425814]
[5335750, 5592334, 6780393] #IMC: [0.6076778748039434, 0.5065838197833253, 0.6442519497574601]
[5592334, 6757552, 6780393] #IMC: [0.48720875867609825, 0.8927069716609803, 0.4054982129848822]
[5592334, 6757552, 6866291] #IMC: [0.39326993197191623, 0.774708915314552, 0.602183317731603]
[5592334, 6757552, 6780393, 6866291] #IMC: [0.253209489699535, 0.7406741399561356, 0.2858112239375009, 0.4963449614697454]
[5592334, 5805376, 6866291] #IMC: [0.3177209734704839, 0.6092089241692985, 0.8291505615014]
[5592334, 5805376, 6780393, 6866291] #IMC: [0.2706863177222148, 0.5165951636842756, 0.47121879617129403, 0.665998160820525]
[5592334, 5805376, 6780393] #IMC: [0.598673343063557, 0.6645449963328414, 0.5684845707782594]
[5592334, 6780393, 6866291] #IMC: [0.522357837733306, 0.5416468246551427, 0.6907706473111714]
[6757552, 6846862, 6889991] #IMC: [0.5431216139854884, 0.6562022062437014, 0.6423478205520807]
[5335750, 6689426, 6866291] #IMC: [0.5942763409454229, 0.7203578053960406, 0.3045631550314758]
[5335750, 6689426, 6840624] #IMC: [0.965806611416031, 0.534193388583969, 0.4316132228320621]
[6243535, 6689426, 6924047] #IMC: [0.3187834477251991, 0.7462462961553955, 0.7078957069921394]
[5750745, 5805376, 6689426] #IMC: [0.47952536828390685, 0.49234289196798314, 0.745150501266689]
[6689426, 6780393, 6840624] #IMC: [0.4845834844707391, 0.46281832517616883, 0.8518135743527903]
[6689426, 6757552, 6840624] #IMC: [0.5590436958243645, 0.7565374815987387, 0.4798529881178858]
[6689426, 6846862, 6917899] #IMC: [0.5244705524985941, 0.5888295491893102, 0.589847214702342]
[5805376, 6689426, 6872438] #IMC: [0.4333827967658046, 0.8687818420689092, 0.44649119547375293]
[5805376, 6689426, 6866291] #IMC: [0.5764330079129243, 0.6880393304274545, 0.5648041994787232]
[6689426, 6780393, 6866291] #IMC: [0.7868616032633456, 0.40784035490968384, 0.5924621085687154]
[5347743, 6689426, 6866291] #IMC: [0.4039093369804559, 0.44162301338400145, 0.8455323503644573]
[6689426, 6840624, 6866291] #IMC: [0.7734899632785756, 0.4660957080449092, 0.4934918162092762]
[6689426, 6840624, 6917899] #IMC: [0.5825763619901025, 0.4568329165444512, 0.7740876056212336]
[5347743, 6689426, 6840624] #IMC: [0.6333515062723036, 0.6410953880296267, 0.514122163012204]
[6689426, 6769405, 6780393] #IMC: [0.7497366267427066, 0.42267314516700616, 0.513044032629185]
[6243535, 6689426, 6769405] #IMC: [0.6671268397202139, 0.5086329929422905, 0.5102115915248573]
[5805376, 6689426, 6769405] #IMC: [0.47503755713754653, 0.6749940527212468, 0.5013105377979574]
[5347743, 5997493, 6866291] #IMC: [0.49852661402744214, 0.6419523808513017, 0.6600860249457998]
[5347743, 5997493, 6918901] #IMC: [0.2807498703137907, 0.6862721744641551, 0.6818650804378056]
[5997493, 6220775, 6243535] #IMC: [0.6197063159986873, 0.18133039062731074, 0.7859889502735021]
[5997493, 6243535, 6846862] #IMC: [0.6644403368726388, 0.5593766670322246, 0.5944177069652438]
[5347743, 5997493, 6846862] #IMC: [0.7047682939517127, 0.46852438897511656, 0.4961403004007274]
[5347743, 5997493, 6243535] #IMC: [0.757250951128178, 0.2672930632182836, 0.7328415191492328]
[5997493, 6243535, 6840624] #IMC: [0.6233389850859261, 0.6498410461414202, 0.5251170657277675]
[5347743, 5997493, 6840624] #IMC: [0.5956953172420434, 0.797449071880898, 0.3067550331611835]
[5750745, 6872438, 6924047] #IMC: [0.7054683651293838, 0.5680619663277768, 0.4707397321349403]
[6697415, 6915778, 6924047] #IMC: [0.7820947713557403, 0.6988080064220374, 0.3460182464151845]
[6403007, 6915778, 6924047] #IMC: [0.7440626868258448, 0.6520911593280014, 0.3841793197056355]
[6243535, 6697415, 6924047] #IMC: [0.705645015541996, 0.6577270774812598, 0.35459830244424817]
[6769405, 6916394, 6924047] #IMC: [0.5842445693614176, 0.5393967207709343, 0.6325957604320732]
[6757552, 6916394, 6924047] #IMC: [0.4898891495789945, 0.5936301396775078, 0.8360573603224922]
[6866291, 6917899, 6924047] #IMC: [0.7316785682707492, 0.238807624225413, 0.7683214317292508]
[6243535, 6866291, 6924047] #IMC: [0.7478727981783821, 0.5326513415843709, 0.4843186788162336]
[5687589, 6697415, 6780393] #IMC: [0.6988577590887374, 0.3256618110150719, 0.7359481415323806]
[5347743, 5687589, 6918901] #IMC: [0.5768793888492748, 0.7173143669644608, 0.6419801676195592]
[6243535, 6800944, 6917899] #IMC: [0.3642841641203125, 0.898636927420981, 0.5343527633006685]
[6243535, 6800944, 6846862] #IMC: [0.5809873879523729, 0.7459225711199327, 0.41751940849175057]
[6757552, 6780393, 6800944] #IMC: [0.562394666650328, 0.5364802118308294, 0.8191129737192527]
[6243535, 6757552, 6800944] #IMC: [0.5872090378857856, 0.4701762301879843, 0.7106899206082041]
[6780393, 6800944, 6866291] #IMC: [0.6140416829655532, 0.43549427553396663, 0.6488636631292376]
[6243535, 6800944, 6866291] #IMC: [0.5282863251846894, 0.6156104324761422, 0.5488937127195738]
[6769405, 6780393, 6800944] #IMC: [0.5958686808129897, 0.3106173438385158, 0.9002046176163297]
[6243535, 6769405, 6800944] #IMC: [0.7729488735311948, 0.6886672427645697, 0.4033981925967547]
[6697415, 6769405, 6800944] #IMC: [0.32549777829479426, 0.825532980056488, 0.5326109593374514]
[6243535, 6780393, 6800944] #IMC: [0.6223891413380553, 0.4616242660653954, 0.5715607729276997]
[6697415, 6800944, 6872438] #IMC: [0.3442386900686444, 0.6777853563633907, 0.6716428520228863]
[6243535, 6697415, 6800944] #IMC: [0.6271741103781396, 0.4352418587257576, 0.6143583368462544]
[6220775, 6780393, 6918901] #IMC: [0.5375931827507406, 0.791419354008275, 0.5148151822465453]
[5750745, 6220775, 6757552] #IMC: [0.7356177550283637, 0.6922987991169239, 0.3727822281669935]
[5347743, 6220775, 6769405] #IMC: [0.8800314126463081, 0.43650994073715055, 0.45968688544299224]
[6220775, 6780393, 6866291] #IMC: [0.6646376417618988, 0.5781489385190686, 0.42793813619523513]
[6220775, 6243535, 6866291] #IMC: [0.6978502905818, 0.6921266679435455, 0.3804483372006894]
[6915778, 6916394, 6917899] #IMC: [0.5043582553644962, 0.5703074016362939, 0.7886117742749581]
[6846862, 6872438, 6916394] #IMC: [0.6560952027744602, 0.7047422356491851, 0.40488877263202405]
[6243535, 6846862, 6916394] #IMC: [0.31019148960806986, 0.8730888028219411, 0.6155965420056451]
[6243535, 6769405, 6916394] #IMC: [0.3512344742513825, 0.870127000316385, 0.5188925260650026]
[5203100, 6840624, 6916394] #IMC: [0.8074560647504402, 0.20154579286721694, 0.6925439352495598]
[6243535, 6840624, 6916394] #IMC: [0.43527408714913945, 0.6865011837242596, 0.7014550237265329]
[6780393, 6866291, 6916394] #IMC: [0.5901518181692249, 0.4287657227484686, 0.732350376738589]
[6243535, 6866291, 6916394] #IMC: [0.4536642578320698, 0.5952799518975989, 0.7895984153371455]
[5805376, 6451936, 6866291] #IMC: [0.4184559013760915, 0.778661170573429, 0.6529349206317827]
[6243535, 6451936, 6866291] #IMC: [0.6415254013572809, 0.5278423532471965, 0.5459913099449006]
[6697415, 6769405, 6915778] #IMC: [0.6096405985814638, 0.591020614826111, 0.6481291479498128]
[5750745, 6243535, 6915778] #IMC: [0.2911382041953946, 0.5880601179255855, 0.8791983221209803]
[6243535, 6866291, 6915778] #IMC: [0.7773181305463168, 0.5062332510591887, 0.5928741771459909]
[6697415, 6915778, 6917899] #IMC: [0.7400019356722829, 0.5130292186290158, 0.5426352417839035]
[6757552, 6846862, 6915778] #IMC: [0.5865701532317351, 0.5590916682244007, 0.49276010362527745]
[6697415, 6757552, 6915778] #IMC: [0.7168156351332472, 0.7673064072079733, 0.19426683985571777]
[6780393, 6915778, 6917899] #IMC: [0.4231755018860627, 0.767520524052275, 0.46891645073764093]
[6243535, 6757552, 6925468] #IMC: [0.8253679604429154, 0.6053730819023615, 0.491167516977036]
[5750745, 6757552, 6925468] #IMC: [0.6353822255015691, 0.581619943995617, 0.602069995944323]
[6243535, 6757552, 6917899] #IMC: [0.5576445025981396, 0.47092011488002283, 0.5928010204386615]
[6243535, 6757552, 6780393] #IMC: [0.7423508264537206, 0.5982070374900831, 0.404134497442151]
[6757552, 6769405, 6866291] #IMC: [0.5466070728259176, 0.5187393579700179, 0.7083876679093375]
[6243535, 6757552, 6769405] #IMC: [0.7901921332882389, 0.5938364154825779, 0.5514432316594073]
[5750745, 6243535, 6757552] #IMC: [0.6938536161975433, 0.47261484052193814, 0.5785312606193076]
[5750745, 5805376, 6757552] #IMC: [0.7285625383019291, 0.5884247822431888, 0.5241579309537343]
[6757552, 6846862, 6872438] #IMC: [0.7858718304750948, 0.491443155786084, 0.39641741765336347]
[6243535, 6757552, 6846862] #IMC: [0.6021533698907023, 0.7282607881096625, 0.49398661489171175]
[5347743, 6757552, 6840624] #IMC: [0.6770593555958944, 0.7167518214136046, 0.492469497359388]
[6697415, 6757552, 6872438] #IMC: [0.6564948796057455, 0.6744145460201749, 0.3561008151625885]
[6697415, 6757552, 6917899] #IMC: [0.6610941319497718, 0.4564798894465688, 0.5740929821923229]
[6697415, 6757552, 6840624] #IMC: [0.480676365887245, 0.786916060841991, 0.5805420487523676]
[6243535, 6697415, 6757552] #IMC: [0.6574366065304366, 0.7269780288364935, 0.42178065133100046]
[6757552, 6780393, 6866291] #IMC: [0.6436454032118016, 0.5330359325187948, 0.5967178485140691]
[6243535, 6757552, 6866291] #IMC: [0.6249887786390333, 0.5985595851930819, 0.4551929433204321]
[6243535, 6757552, 6872438] #IMC: [0.6489696672005598, 0.3734872538696215, 0.7582235902312979]
[5335750, 6780393, 6925468] #IMC: [0.601362392753538, 0.4505557574793495, 0.7453570642600367]
[6697415, 6866291, 6925468] #IMC: [0.5943743028809119, 0.5654882458758105, 0.6300763331437393]
[6769405, 6780393, 6925468] #IMC: [0.5062625272894311, 0.5187719379023407, 0.6500344651917719]
[6243535, 6769405, 6925468] #IMC: [0.7479044850142009, 0.4278055495878752, 0.5442103451059016]
[5750745, 6769405, 6925468] #IMC: [0.8130612295806556, 0.4883477109411882, 0.5881543788545212]
[5805376, 6697415, 6925468] #IMC: [0.561953565312774, 0.47145218993194327, 0.7496557552447174]
[5750745, 6866291, 6925468] #IMC: [0.7874421836963813, 0.45631865637422137, 0.5678530870705876]
[5750745, 6780393, 6925468] #IMC: [0.7785822005898253, 0.38566950912449255, 0.6713207174971035]
[6243535, 6780393, 6925468] #IMC: [0.6082449817005469, 0.5767776100703194, 0.6420779257934134]
[6403007, 6866291, 6925468] #IMC: [0.8020659757270028, 0.5558681560095242, 0.4305574297951439]
[5347743, 6866291, 6925468] #IMC: [0.7722028728209942, 0.42186059341171533, 0.626596144340117]
[6780393, 6866291, 6925468] #IMC: [0.6309922061701905, 0.5074125342058702, 0.6459498002265895]
[5335750, 6840624, 6917899] #IMC: [0.2920068894760339, 0.7467538127609515, 0.6642494234850032]
[5335750, 6840624, 6918901] #IMC: [0.3832856262697919, 0.6326678416995104, 0.8140487060645404]
[5335750, 6403007, 6866291] #IMC: [0.6416907383158409, 0.7267187520180782, 0.39247337218651884]
[5335750, 6780393, 6866291] #IMC: [0.728522545124813, 0.6010715707226773, 0.425806715495307]
[5335750, 5750745, 6866291] #IMC: [0.6532133276304393, 0.6417569725297836, 0.4988083263661944]
[5335750, 5750745, 6403007] #IMC: [0.732028409122631, 0.767517595719984, 0.3585634768409037]
[5335750, 5750745, 5805376] #IMC: [0.3178639170055504, 0.7113824308563542, 0.7605039052984222]
[5335750, 6840624, 6872438] #IMC: [0.6537459516956948, 0.5940607076850872, 0.4967463353612264]
[5335750, 5805376, 6403007] #IMC: [0.5469648890492456, 0.7344335237950723, 0.6157998062519224]
[5318403, 5335750, 5805376] #IMC: [0.5685817951548671, 0.7854530149717154, 0.38301046032317737]
[5335750, 5805376, 6872438] #IMC: [0.7093078233766954, 0.5610771544177106, 0.6141286271528836]
[5335750, 5805376, 6866291] #IMC: [0.7058806528785879, 0.4750080966699626, 0.5263655139551041]
[5335750, 5805376, 6780393, 6866291] #IMC: [0.7253539631635981, 0.28281591608123324, 0.41463549488516477, 0.4696140495418447]
[5335750, 5805376, 6840624] #IMC: [0.7791603420889182, 0.38991375711128917, 0.565542981778458]
[5335750, 5805376, 6780393] #IMC: [0.8367707381282045, 0.521289051519021, 0.48785078977144364]
[6403007, 6769405, 6918901] #IMC: [0.5913186668862292, 0.6262535308621799, 0.47185970037257036]
[6403007, 6769405, 6780393] #IMC: [0.7615584909784069, 0.5781058199756567, 0.39661056573959225]
[5347743, 6403007, 6769405] #IMC: [0.5324740718262425, 0.35191846888100614, 0.782694967319665]
[5347743, 6769405, 6866291] #IMC: [0.6233496062192273, 0.5319469262360629, 0.6016612804588285]
[6243535, 6769405, 6866291] #IMC: [0.7696567746779275, 0.5054589071016616, 0.42756791478327066]
[5805376, 6243535, 6769405] #IMC: [0.6016258018034574, 0.6738302666998932, 0.5151426849339604]
[5347743, 6769405, 6872438] #IMC: [0.6445476576349118, 0.6833138246647812, 0.5821700465958242]
[5347743, 6243535, 6769405] #IMC: [0.5946724173784561, 0.7281431166021265, 0.46214926969902204]
[6243535, 6769405, 6780393] #IMC: [0.580283831623141, 0.7574838670857863, 0.3673582076946313]
[5750745, 5805376, 6918901] #IMC: [0.533939786602741, 0.7952909826280282, 0.317552746412884]
[6403007, 6866291, 6918901] #IMC: [0.8222320384690119, 0.501988898799561, 0.3465219479887315]
[5347743, 6866291, 6918901] #IMC: [0.706160617823663, 0.793839382176337, 0.18355874791206583]
[6780393, 6840624, 6918901] #IMC: [0.3156803841014367, 0.6934726339331602, 0.6609192579587317]
[5318403, 5750745, 6872438] #IMC: [0.7357501944866185, 0.7642498055133815, 0.3388180490343725]
[5347743, 5750745, 6872438] #IMC: [0.6689115140715544, 0.7111389909789507, 0.3433182522005645]
[5750745, 5805376, 6780393] #IMC: [0.9266238258900417, 0.3532476517800834, 0.5733761741099583]
[5750745, 5805376, 6872438] #IMC: [0.6879033957356802, 0.5904030028372625, 0.5322716347284829]
[5750745, 5805376, 6866291] #IMC: [0.7329674448026084, 0.5766981658403252, 0.6042466865550479]
[5750745, 5805376, 6780393, 6866291] #IMC: [0.8001170996769474, 0.2969312701147593, 0.4907086439498297, 0.35931145004438825]
[5750745, 6243535, 6866291] #IMC: [0.5842077364558015, 0.5918183009366192, 0.6600771268972678]
[5750745, 6403007, 6866291] #IMC: [0.5485353187785414, 0.5069981241882231, 0.7301092940143353]
[5750745, 6780393, 6866291] #IMC: [0.6936106223440917, 0.5507510597129538, 0.5893419840217248]
[5805376, 6866291, 6917899] #IMC: [0.667297849428911, 0.3975849475446402, 0.7593325853536976]
[5318403, 5805376, 6872438] #IMC: [0.6918943191885898, 0.6053002747137282, 0.5396124627011515]
[5805376, 6403007, 6840624] #IMC: [0.3355389583514205, 0.8093973259666005, 0.6220640266904044]
[5318403, 5805376, 6403007] #IMC: [0.8115138721464038, 0.2207409730105895, 0.6884861278535962]
[5805376, 6403007, 6872438] #IMC: [0.4567959190537592, 0.8247182104677583, 0.5415400786993564]
[5805376, 6403007, 6780393] #IMC: [0.45308673714564573, 0.5438781435226748, 0.7748836284781361]
[5805376, 6243535, 6840624] #IMC: [0.6477515073147367, 0.7187195769379511, 0.40612475327866154]
[5318403, 5805376, 6840624] #IMC: [0.761245493321449, 0.44755076122541676, 0.6371337185374636]
[5347743, 5805376, 6840624] #IMC: [0.7012922370598678, 0.5451982898582907, 0.5662667165292761]
[5805376, 6840624, 6872438] #IMC: [0.6110958568497636, 0.5220376462110952, 0.6556792552527181]
[5347743, 5805376, 6243535] #IMC: [0.6386936024016839, 0.33884819652520104, 0.8424066637917498]
[5347743, 5805376, 6872438] #IMC: [0.6109625346597033, 0.4925328290931326, 0.7109297114901911]
[5805376, 6866291, 6872438] #IMC: [0.6288717195415282, 0.600994813419339, 0.6931129195223416]
[5347743, 5805376, 6866291] #IMC: [0.7679373829243609, 0.36930431979213013, 0.6210890197159032]
[5805376, 6243535, 6866291] #IMC: [0.6515903932285622, 0.5589087387009868, 0.5560698805180004]
[5805376, 6780393, 6866291] #IMC: [0.6183055790662739, 0.5693316573857738, 0.683793558113309]
[5805376, 6243535, 6872438] #IMC: [0.7628331815658448, 0.31414516813386606, 0.5876366170918733]
[5203100, 6697415, 6917899] #IMC: [0.5734182046485348, 0.3198112531886773, 0.8932294578372121]
[5203100, 6697415, 6866291] #IMC: [0.4680284648514679, 0.5524425226519383, 0.7025629918845673]
[5203100, 6866291, 6917899] #IMC: [0.778213470103161, 0.47737685113171596, 0.6565312372442861]
[6403007, 6780393, 6846862] #IMC: [0.7633023385271246, 0.20903860804365015, 0.7366976614728754]
[6846862, 6866291, 6917899] #IMC: [0.8358051774674319, 0.6641948225325681, 0.17161035493486365]
[6846862, 6872438, 6917899] #IMC: [0.810005843999415, 0.4623004796231968, 0.4075508527006709]
[5347743, 6846862, 6917899] #IMC: [0.5442469879371896, 0.5804243534189268, 0.5856786134053424]
[6243535, 6840624, 6846862] #IMC: [0.7015583053061243, 0.6593797986328757, 0.4846291609861706]
[5347743, 6840624, 6846862] #IMC: [0.6779272886608414, 0.6556441399105872, 0.33866923220212697]
[5347743, 6846862, 6866291] #IMC: [0.6388645385650078, 0.4516737858556697, 0.6317325984493072]
[6243535, 6846862, 6866291] #IMC: [0.7853701745772985, 0.43772116106120695, 0.525728641784399]
[6243535, 6846862, 6872438] #IMC: [0.4996770713942593, 0.5596212797570209, 0.7624469713239632]
[6697415, 6866291, 6872438] #IMC: [0.47126483534713703, 0.6108077712342124, 0.5612797553745563]
[6243535, 6697415, 6866291] #IMC: [0.7056835891898435, 0.6140756937807069, 0.375780838226431]
[5347743, 6697415, 6866291] #IMC: [0.3731247727483424, 0.6667748453100344, 0.7006010412147884]
[6697415, 6872438, 6917899] #IMC: [0.5892666498113202, 0.370201957482377, 0.7345006845492346]
[6243535, 6697415, 6917899] #IMC: [0.4931025833702535, 0.7622185226217137, 0.4748052171508038]
[6697415, 6840624, 6917899] #IMC: [0.5183652030180902, 0.4706957030271664, 0.7241232530295489]
[6697415, 6866291, 6917899] #IMC: [0.684362630440643, 0.5144140670069364, 0.6861828283600673]
[5347743, 6243535, 6917899] #IMC: [0.743254847970767, 0.4672507280114372, 0.6201668334566544]
[6866291, 6872438, 6917899] #IMC: [0.7240084856038953, 0.6042434104211428, 0.6075685708142627]
[5347743, 6866291, 6917899] #IMC: [0.7010193887055562, 0.41372847736313595, 0.7029200849786542]
[6243535, 6866291, 6917899] #IMC: [0.5416539489993974, 0.6758685716088176, 0.5484128526728352]
[6243535, 6840624, 6917899] #IMC: [0.6317725507924761, 0.6946836494530282, 0.4191433067793933]
[5347743, 6403007, 6866291] #IMC: [0.5269765313580264, 0.326527544366578, 0.8535040757246044]
[6780393, 6840624, 6866291] #IMC: [0.6541364282645477, 0.6982159623806917, 0.3718057522135917]
[6243535, 6780393, 6866291] #IMC: [0.6344029497651693, 0.657859109831929, 0.475857409061051]
[5347743, 6780393, 6866291] #IMC: [0.40396346610205613, 0.553012192669208, 0.7615226910517223]
[5347743, 6243535, 6866291] #IMC: [0.6718471745537876, 0.659252934425207, 0.4546249205122397]
[5347743, 6403007, 6840624] #IMC: [0.3929004676606719, 0.743472914405648, 0.6367902434890889]
[5318403, 5347743, 6403007] #IMC: [0.6024892151798792, 0.529699790912122, 0.6093838320471832]
[5318403, 6403007, 6872438] #IMC: [0.7458372340666398, 0.7127806299049526, 0.2299134277488227]
[5347743, 6403007, 6872438] #IMC: [0.3386869374279258, 0.5624875328710515, 0.7779371239603652]
[5318403, 6840624, 6872438] #IMC: [0.4822139742776184, 0.6465395098739843, 0.618692098787415]
[6243535, 6840624, 6872438] #IMC: [0.2739455029893295, 0.7885879861322874, 0.7114120138677126]
[5347743, 6243535, 6840624] #IMC: [0.6901615630624607, 0.7045573632164734, 0.3320058630470944]
[5347743, 6840624, 6872438] #IMC: [0.7446951701769923, 0.3062745957571758, 0.7407518152699931]
[5318403, 6243535, 6872438] #IMC: [0.6908078579537751, 0.5129678069215178, 0.49294271053342875]
[5318403, 5347743, 6872438] #IMC: [0.6508543259155347, 0.64613878277283, 0.42307877423423146]
